	 Features	 Area	 Length	 Angle	 Avg. Dist.	 Min. Dist.	 Max. Dist.	 Ctr-to-Ctr Dist.
1	L1		 2.909098	 49.28915				
2	L2		 2.451368	 15.78075				
3	L3		 2.781076	 354.7099				
4	L4		 2.319060	 35.09582				
5	L5		 2.134221	 35.21759				
6	L6		 2.455655	 28.70595				
7	L7		 2.730017	 84.61069				
8	L8		 2.990232	 5.906141				
9	L9		 2.512821	 0				
10	L10		 2.578931	 17.35402				
11	L11		 2.503909	 34.99202				
12	L12		 2.677002	 36.43086				
13	L13		 2.615385	 0				
14	L14		 2.525348	 12.90741				
15	L15		 2.715529	 10.88553				
16	L16		 2.726161	 16.38954				
17	L17		 2.639905	 29.05460				
18	L18		 2.478574	 24.44395				
19	L19		 2.677002	 16.69924				
20	L21		 2.626923	 38.65981				
21	L22		 2.502333	 45.83032				
22	L24		 2.425484	 346.5514				
23	L25		 2.576891	 31.15930				
24	L27		 2.538332	 98.13010				
25	L28		 2.418970	 111.1247				
26	L29		 2.576891	 31.15930				
27	L30		 2.623417	 4.484606				
28	L31		 2.647366	 351.0851				
29	L32		 2.504959	 22.89055				
30	L33		 2.504434	 349.3803				
31	L34		 2.786744	 12.75753				
32	L35		 2.363986	 40.60129				
33	L36		 2.335446	 8.841815				
34	L37		 2.359532	 358.7546				
35	L38		 2.423857	 6.072456				
36	L39		 2.466341	 356.4237				
37	L41		 2.522743	 26.56505				
38	L42		 2.451368	 37.34935				
39	L43		 2.574849	 44.19307				
40	L44		 2.575360	 12.65256				
41	L45		 2.176317	 34.43899				
42	L46		 2.611863	 43.40886				
43	L47		 2.589109	 7.969610				
44	L48		 2.525348	 23.96249				
45	L49		 2.338821	 52.12502				
46	L50		 2.718432	 125.7890				
47	L51		 2.554855	 38.48020				
48	L52		 2.114413	 39.09386				
49	L53		 2.523265	 322.4314				
50	L54		 2.154457	 51.76617				
51	L55		 2.352835	 339.5901				
52	L56		 2.436842	 8.471145				
53	L57		 2.475388	 346.8274				
54	L58		 2.451368	 142.6507				
55	L59		 2.432521	 341.5651				
56	L60		 2.276138	 337.4794				
57	L61		 2.824706	 93.12213				
58	L62		 2.437921	 22.24902				
59	L63		 2.615887	 1.123303				
60	L64		 2.429817	 314.1449				
61	L65		 2.111924	 330.9454				
62	L66		 2.546091	 34.33022				
63	L67		 2.580970	 49.02826				
64	L68		 2.576891	 42.58049				
65	L69		 2.462073	 358.8065				
66	L70		 2.370651	 51.14663				
67	L71		 2.214055	 13.39250				
68	L72		 2.261649	 3.900494				
69	L73		 2.375638	 32.66091				
70	L75		 2.699015	 38.82982				
71	L76		 2.647366	 314.2152				
72	L78		 2.832144	 5.194429				
73	L79		 2.707770	 37.30395				
74	L80		 2.554855	 38.48020				
75	L81		 2.786272	 353.6598				
76	L82		 2.625421	 347.5926				
77	L83		 2.594689	 341.5651				
78	L84		 2.437921	 14.62087				
79	L85		 2.375638	 32.66091				
80	L86		 2.339384	 333.9967				
81	L87		 2.457796	 23.35556				
82	L88		 2.675528	 347.8285				
83	L89		 2.451368	 344.2192				
84	L90		 2.533146	 21.37062				
85	L91		 2.489689	 327.6193				
86	L92		 2.666667	 0				
87	L95		 2.542473	 48.27049				
88	L96		 2.574849	 315.8069				
89	L97		 2.454048	 10.84031				
90	L98		 2.425484	 346.5514				
91	L99		 2.425484	 13.44862				
92	L100		 2.325289	 41.42367				
93	L101		 2.659754	 33.99646				
94	L102		 2.580970	 49.02826				
95	L104		 2.142829	 338.9625				
96	L105		 2.542473	 41.72951				
97	L106		 2.500230	 25.51387				
98	L107		 2.702423	 56.61149				
99	L108		 2.415161	 356.3478				
100	L110		 2.321894	 46.78991				
101	L111		 2.429817	 135.8551				
102	L112		 2.207512	 357.3370				
103	L113		 2.449221	 70.42687				
104	L114		 2.668638	 2.202598				
105	L115		 2.677002	 339.8293				
106	L116		 2.525348	 12.90741				
107	L117		 2.574849	 314.1931				
108	L118		 2.546607	 334.9831				
109	L119		 2.394383	 350.1342				
110	L120		 2.466875	 339.3045				
111	L121		 2.388335	 345.0686				
112	L122		 2.335446	 340.7693				
113	L123		 2.284787	 45.90938				
114	L124		 2.613373	 15.94540				
115	L125		 2.485461	 338.1986				
116	L126		 2.546091	 18.79989				
117	L127		 2.546091	 9.272602				
118	L128		 2.620909	 120.5792				
119	L129		 2.474857	 145.9807				
120	L130		 2.514390	 348.2317				
121	L131		 2.366210	 330.1011				
122	L132		 2.514913	 39.20720				
123	L133		 2.617395	 34.62416				
124	L134		 2.596716	 170.9097				
125	L135		 2.481225	 18.06047				
126	L136		 2.851577	 37.69424				
127	L137		 2.692186	 342.2553				
128	L138		 2.699015	 345.6997				
129	L139		 2.284787	 45.90938				
130	L140		 2.442770	 39.03551				
131	L141		 2.277293	 54.16235				
132	L142		 2.410256	 0				
133	L143		 2.319060	 54.90418				
134	L144		 2.730017	 151.9908				
135	L145		 2.843265	 50.85601				
136	L146		 2.563077	 340.1148				
137	L147		 2.385580	 334.5367				
138	L148		 2.410802	 330.7086				
139	L149		 2.659754	 340.8664				
140	L150		 2.707770	 52.69605				
141	L151		 2.531589	 353.0189				
142	L152		 2.480695	 29.74488				
143	L154		 2.546091	 350.7274				
144	L155		 2.649352	 75.42578				
145	L156		 2.431981	 42.43623				
146	L157		 2.446535	 33.02387				
147	L158		 2.686808	 346.7595				
148	L159		 2.462607	 31.37301				
149	L160		 2.628924	 339.4440				
150	L161		 2.844652	 27.95097				
151	L162		 2.517526	 33.36637				
152	L163		 2.611359	 19.50245				
153	L164		 2.378957	 7.431408				
154	L165		 2.514913	 2.337306				
155	L166		 2.466341	 3.576334				
156	L167		 2.677002	 53.56914				
157	L168		 2.626923	 128.6598				
158	L170		 2.321894	 43.21009				
159	L171		 2.564615	 11.53462				
160	L172		 2.403701	 33.69007				
161	L173		 2.775870	 11.72511				
162	L174		 2.481225	 341.9395				
163	L175		 2.692186	 17.74467				
164	L176		 2.683380	 333.9246				
165	L177		 2.568714	 63.94650				
166	L178		 2.674545	 327.5288				
167	L179		 2.432521	 325.3048				
168	L180		 2.775870	 348.2749				
169	L181		 2.665187	 329.9816				
170	L182		 2.692186	 40.36454				
171	L183		 2.514390	 11.76829				
172	L184		 2.16420	 53.67317				
173	L185		 2.582498	 6.842773				
174	L186		 2.359532	 358.7546				
175	L187		 2.533666	 324.0579				
176	L188		 2.436302	 329.6568				
177	L189		 2.659260	 39.52263				
178	L190		 2.293403	 26.56505				
179	L191		 2.432521	 34.69515				
180	L192		 2.504434	 317.4896				
181	L193		 2.307692	 323.1301				
182	L194		 2.482814	 321.7098				
183	L195		 2.666667	 67.38014				
184	L196		 2.759718	 41.98721				
185	L197		 2.611863	 46.59114				
186	L198		 2.338821	 142.1250				
187	L199		 2.627924	 5.599339				
188	L200		 2.287087	 132.2737				
189	L201		 2.503909	 145.0080				
190	L202		 2.525348	 156.0375				
191	L203		 2.688764	 34.90250				
192	L204		 2.533146	 31.75948				
193	L205		 2.591647	 27.07208				
194	L206		 2.717949	 148.1092				
195	L207		 2.156287	 154.6538				
196	L208		 2.574849	 44.19307				
197	L209		 2.666667	 0				
198	L210		 2.849732	 59.74356				
199	L211		 2.625421	 347.5926				
200	L212		 2.568714	 63.94650				
201	L213		 2.715529	 10.88553				
202	L214		 2.566153	 2.290610				
203	L215		 2.476981	 332.9044				
204	L216		 2.466875	 339.3045				
205	L217		 2.719883	 44.23610				
